26.725014, 80.961550
26.725003, 80.960499
26.725065, 80.959600
26.725208, 80.958634
26.725448, 80.957840
26.725716, 80.956982
26.726109, 80.955845
26.726412, 80.954517
26.726374, 80.953787
26.726201, 80.953133
26.725914, 80.952435
26.725569, 80.951598
26.725377, 80.951094
26.725128, 80.950558
26.724946, 80.950107
26.724725, 80.949356
26.724639, 80.948841
26.724591, 80.948219
26.724658, 80.947328
26.724706, 80.946427
26.724697, 80.945418
26.724735, 80.944753
26.724888, 80.943455
26.724869, 80.942629
26.724898, 80.942039
26.724994, 80.941374
26.725070, 80.940698
26.725176, 80.940312
26.725339, 80.939614
26.725588, 80.938992
26.726029, 80.938187
26.726316, 80.937672
26.726671, 80.937007
26.726977, 80.936428
26.727456, 80.935569
26.727744, 80.934808
26.727888, 80.934121
26.728041, 80.933284
26.728050, 80.932415
26.728003, 80.931696
26.727792, 80.930913
26.727571, 80.930001
26.727255, 80.929089
26.726996, 80.928521
26.726738, 80.927802
26.726680, 80.926933
26.726718, 80.926235
26.726738, 80.925302
26.726786, 80.924969
26.726881, 80.924165
26.727016, 80.923349
26.727054, 80.922555
26.727092, 80.922008
26.727217, 80.921171
26.727284, 80.920377
26.727380, 80.919734
26.727408, 80.918950
26.727351, 80.917867
26.727178, 80.917309
26.726910, 80.916751
26.726441, 80.916054
26.725846, 80.915292
26.725387, 80.914788
26.724879, 80.914305
26.724399, 80.913790
26.723777, 80.912706
26.723355, 80.911827
26.723180, 80.911320
26.722901, 80.909489
26.722732, 80.908171
26.722562, 80.906730
26.722342, 80.904898
26.721983, 80.902910
26.721913, 80.900966
26.721874, 80.899000
26.721963, 80.896990
26.722213, 80.895113
26.722672, 80.893393
26.723190, 80.891986
26.723829, 80.890713
26.724398, 80.889283
26.724308, 80.887987
26.724248, 80.886334
26.724218, 80.884770
26.724168, 80.883195
26.723709, 80.882179
26.723061, 80.880839
26.722422, 80.879811
26.721764, 80.878605
26.721235, 80.877800
26.720357, 80.876103
26.720118, 80.875522
26.719780, 80.874417
26.719684, 80.873193
26.719722, 80.871938
26.719875, 80.870908
26.720422, 80.869460
26.720776, 80.868430
26.721323, 80.867346
26.721850, 80.866145
26.722549, 80.864653
26.722990, 80.863634
26.723622, 80.862357
26.724121, 80.861209
26.724657, 80.859954
26.725108, 80.858398
26.725165, 80.857315
26.725357, 80.855802
26.725568, 80.853227
26.725644, 80.852304
26.725673, 80.851307
26.725740, 80.850963
26.725817, 80.849139
26.725768, 80.849038
26.725019, 80.848459
26.724176, 80.847834
26.723273, 80.847422
26.722489, 80.846837
26.721896, 80.846478
26.721465, 80.846113
26.720679, 80.845577
26.719845, 80.845073
26.718743, 80.844397
26.717794, 80.843914
26.716874, 80.843377
26.716181, 80.842984
26.715510, 80.842555
26.714772, 80.842040
26.714188, 80.841772
26.713431, 80.841160
26.712750, 80.840763
26.712395, 80.840495
26.711840, 80.840130
26.711178, 80.839744
26.710325, 80.839321
26.709625, 80.838817
26.709041, 80.838516
26.708207, 80.838001
26.707498, 80.837572
26.706788, 80.837089
26.706003, 80.836660
26.705332, 80.836199
26.704718, 80.835877
26.703721, 80.835330
26.702974, 80.834858
26.702082, 80.834364
26.701258, 80.833795
26.700693, 80.833484
26.699888, 80.833034
26.698987, 80.832486
26.698268, 80.832090
26.697233, 80.831424
26.696542, 80.831081
26.695632, 80.830598
26.694817, 80.830148
26.693657, 80.829611
26.692402, 80.829193
26.691261, 80.828764
26.690149, 80.828324
26.689373, 80.828066
26.688385, 80.827777
26.687647, 80.827465
26.686708, 80.827111
26.686075, 80.826543
26.685797, 80.826296
26.685068, 80.825556
26.684205, 80.824295
26.683274, 80.822975
26.682387, 80.821825
26.681532, 80.820795
26.680602, 80.819948
26.679520, 80.819124
26.678805, 80.818482
26.677864, 80.817635
26.676695, 80.816726
26.675927, 80.816024
26.675267, 80.815370
26.674748, 80.815007
26.673774, 80.814098
26.672432, 80.812718
26.671404, 80.811931
26.670625, 80.811192
26.669434, 80.810417
26.668623, 80.809957
26.668017, 80.809642
26.666989, 80.809133
26.665906, 80.808600
26.665912, 80.808710
26.665864, 80.809531
26.665824, 80.810306
26.665824, 80.810865
26.665695, 80.812343
26.665606, 80.813398
26.665445, 80.814741
26.665421, 80.815733
26.665300, 80.816481
26.665171, 80.818383
26.665155, 80.819808
26.665397, 80.821421
26.665574, 80.823089
26.665791, 80.824865
26.665920, 80.825911
26.666170, 80.828002
26.666210, 80.828273
26.666500, 80.829490
26.666879, 80.830887
26.667040, 80.831681
26.667290, 80.833294
26.667435, 80.834196
26.667741, 80.836323
26.667967, 80.837685
26.668329, 80.839605
26.668684, 80.840930
26.669046, 80.842850
26.669264, 80.843914
26.669578, 80.845735
26.669924, 80.847809
26.670214, 80.849260
26.670391, 80.851063
26.670391, 80.852451
26.670271, 80.853777
26.670166, 80.855102
26.669989, 80.856328
26.669787, 80.857725
26.669626, 80.859123
26.669417, 80.860700
26.669191, 80.862738
26.669048, 80.864013
26.668875, 80.865837
26.668626, 80.867640
26.668463, 80.869474
26.668223, 80.871137
26.668033, 80.872494
26.667861, 80.874414
26.667640, 80.876013
26.667458, 80.877536
26.667161, 80.880390
26.666979, 80.881849
26.667027, 80.883684
26.667113, 80.885390
26.667228, 80.887106
26.667333, 80.888855
26.667448, 80.890733
26.667496, 80.892063
26.667583, 80.893694
26.667669, 80.895314
26.667765, 80.897395
26.667918, 80.899949
26.668014, 80.901183
26.667746, 80.902835
26.667391, 80.904326
26.666959, 80.906654
26.666365, 80.909337
26.666001, 80.911300
26.665579, 80.913317
26.665339, 80.914701
26.664821, 80.917115
26.664601, 80.918349
26.664610, 80.919347
26.664908, 80.921331
26.665224, 80.923070
26.665703, 80.925022
26.666135, 80.926642
26.666739, 80.928895
26.667247, 80.930687
26.667679, 80.932329
26.668436, 80.935172
26.668982, 80.937275
26.669721, 80.939914
26.670219, 80.942371
26.670631, 80.945171
26.671015, 80.947778
26.671619, 80.951136
26.672079, 80.954292
26.672606, 80.958379
26.672999, 80.961598
26.673172, 80.964087
26.673287, 80.965696
26.673968, 80.967724
26.674936, 80.969516
26.675338, 80.970514
26.675415, 80.971672
26.675463, 80.972659
26.675914, 80.973797
26.676949, 80.976093
26.678109, 80.978882
26.679084, 80.980950
26.679304, 80.981455
26.679496, 80.982699
26.680359, 80.982473
26.681370, 80.982232
26.682123, 80.982076
26.682134, 80.982810
26.682048, 80.983557
26.682242, 80.983870
26.682449, 80.984737
26.682635, 80.985352
26.683255, 80.986302
26.684739, 80.987339
26.685916, 80.988513
26.687278, 80.989910
26.688398, 80.991060
26.689957, 80.992611
26.690842, 80.993521
26.691384, 80.994248
26.692018, 80.995469
26.692988, 80.996906
26.694329, 80.998862
26.695663, 81.001009
26.696376, 81.002270
26.697446, 81.003492
26.698302, 81.004482
26.699536, 81.006030
26.700505, 81.007276
26.701440, 81.008489
26.702117, 81.009431
26.702673, 81.010788
26.703265, 81.012137
26.704143, 81.014061
26.704891, 81.015746
26.705712, 81.017716
26.706354, 81.019113
26.706996, 81.020582
26.707987, 81.022825
26.708757, 81.024614
26.709941, 81.027463
26.710775, 81.029435
26.711884, 81.031869
26.713110, 81.034583
26.713930, 81.036291
26.714743, 81.038167
26.715629, 81.040078
26.716349, 81.041667
26.717055, 81.043232
26.717911, 81.045156
26.718831, 81.047319
26.719793, 81.049426
26.720449, 81.050863
26.721597, 81.052372
26.723016, 81.053953
26.724121, 81.055094
26.725219, 81.056180
26.726560, 81.057585
26.727765, 81.058751
26.728849, 81.059892
26.730574, 81.061587
26.732244, 81.063306
26.733534, 81.064639
26.734953, 81.066068
26.735780, 81.067401
26.736364, 81.068391
26.737327, 81.069022
26.738418, 81.069932
26.739729, 81.071225
26.741383, 81.072917
26.742389, 81.074266
26.743501, 81.075831
26.744905, 81.077731
26.746181, 81.079439
26.747122, 81.080725
26.748490, 81.082679
26.749390, 81.084086
26.750260, 81.085576
26.751390, 81.087252
26.752469, 81.088765
26.753662, 81.090212
26.755201, 81.091584
26.756531, 81.092733
26.757976, 81.093835
26.759253, 81.094879
26.761001, 81.096274
26.763200, 81.097951
26.764969, 81.099534
26.766938, 81.101211
26.767995, 81.102008
26.768664, 81.102396
26.768734, 81.102154
26.768815, 81.101826
26.768931, 81.101574
26.769081, 81.101366
26.769158, 81.101283
26.769127, 81.101179
26.769054, 81.100773
26.768974, 81.100198
26.768924, 81.099629
26.768915, 81.099101
26.768978, 81.098428
26.769067, 81.097951
26.769144, 81.097524
26.769216, 81.097110
26.769300, 81.096737
26.769363, 81.096380
26.769423, 81.096068
26.769464, 81.095838
26.769520, 81.095546
26.769605, 81.095105
26.769692, 81.094597
26.769802, 81.094031
26.769911, 81.093422
26.769981, 81.093021
26.770075, 81.092599
26.770144, 81.092127
26.770268, 81.091549
26.770349, 81.091144
26.770303, 81.091347
26.770433, 81.090651
26.770618, 81.089765
26.770803, 81.088707
26.771060, 81.087356
26.771282, 81.086277
26.771451, 81.085412
26.771684, 81.084268
26.771861, 81.083319
26.772128, 81.082169
26.772372, 81.081363
26.772618, 81.080575
26.772904, 81.079745
26.773263, 81.078720
26.773575, 81.077882
26.773904, 81.076904
26.774176, 81.076009
26.774459, 81.075147
26.774837, 81.074003
26.775187, 81.072954
26.775528, 81.072086
26.775991, 81.070977
26.776456, 81.070029
26.776893, 81.069218
26.777393, 81.068332
26.777750, 81.067375
26.778054, 81.066299
26.778300, 81.065405
26.778618, 81.064270
26.778864, 81.063379
26.779171, 81.062303
26.779332, 81.061308
26.779380, 81.060395
26.779430, 81.059485
26.779494, 81.058425
26.779545, 81.057492
26.779616, 81.056537
26.779762, 81.055326
26.779862, 81.054419
26.780035, 81.053138
26.780149, 81.052273
26.780279, 81.051120
26.780379, 81.050314
26.780459, 81.049488
26.780533, 81.048741
26.780514, 81.049096
26.780569, 81.048519
26.780653, 81.048487
26.780115, 81.047245
26.779806, 81.046388
26.779610, 81.045949
26.779103, 81.044245
26.778204, 81.043146
26.777089, 81.042587
26.776124, 81.042177
26.775476, 81.041860
26.774244, 81.041375
26.773063, 81.040816
26.771449, 81.039922
26.769919, 81.038505
26.768820, 81.037424
26.767523, 81.035934
26.766674, 81.034964
26.765692, 81.033921
26.765476, 81.033697
26.764344, 81.032616
26.763097, 81.031424
26.761732, 81.030380
26.760551, 81.029597
26.759702, 81.029076
26.758321, 81.028256
26.757156, 81.027547
26.756557, 81.027193
26.755376, 81.026299
26.754128, 81.025181
26.752264, 81.022888
26.750633, 81.020224
26.749285, 81.018323